3
H2-O
O       0.000000000000      0.000000000000      0.127164000000
H       0.000000000000      0.758137000000     -0.508657000000
H       0.000000000000     -0.758137000000     -0.508657000000

3
H2-O
O       0.000000000000     -0.022081796865      0.125232093104
H       0.000000000000      0.834946556553     -0.369280248752
H       0.000000000000     -0.658291834338     -0.632578465696

3
H2-O
O       0.000000000000     -0.043492649506      0.119495072430
H       0.000000000000      0.886386684488     -0.218683104011
H       0.000000000000     -0.538444804401     -0.737279354812

3
H2-O
O       0.000000000000     -0.063582000000      0.110127254447
H       0.000000000000      0.910894401549     -0.061441383813
H       0.000000000000     -0.402237401549     -0.819578383813

3
H2-O
O       0.000000000000     -0.081739443598      0.097413275565
H       0.000000000000      0.907725053153      0.097667201741
H       0.000000000000     -0.253808218793     -0.876974938348

3
H2-O
O       0.000000000000     -0.097413275565      0.081739443598
H       0.000000000000      0.876974938348      0.253808218793
H       0.000000000000     -0.097667201741     -0.907725053153

3
H2-O
O       0.000000000000     -0.110127254447      0.063582000000
H       0.000000000000      0.819578383813      0.402237401549
H       0.000000000000      0.061441383813     -0.910894401549

3
H2-O
O       0.000000000000     -0.119495072430      0.043492649506
H       0.000000000000      0.737279354812      0.538444804401
H       0.000000000000      0.218683104011     -0.886386684488

3
H2-O
O       0.000000000000     -0.125232093104      0.022081796865
H       0.000000000000      0.632578465696      0.658291834338
H       0.000000000000      0.369280248752     -0.834946556553

3
H2-O
O       0.000000000000     -0.127164000000      0.000000000000
H       0.000000000000      0.508657000000      0.758137000000
H       0.000000000000      0.508657000000     -0.758137000000

3
H2-O
O       0.000000000000     -0.125232093104     -0.022081796865
H       0.000000000000      0.369280248752      0.834946556553
H       0.000000000000      0.632578465696     -0.658291834338

3
H2-O
O       0.000000000000     -0.119495072430     -0.043492649506
H       0.000000000000      0.218683104011      0.886386684488
H       0.000000000000      0.737279354812     -0.538444804401

3
H2-O
O       0.000000000000     -0.110127254447     -0.063582000000
H       0.000000000000      0.061441383813      0.910894401549
H       0.000000000000      0.819578383813     -0.402237401549

3
H2-O
O       0.000000000000     -0.097413275565     -0.081739443598
H       0.000000000000     -0.097667201741      0.907725053153
H       0.000000000000      0.876974938348     -0.253808218793

3
H2-O
O       0.000000000000     -0.081739443598     -0.097413275565
H       0.000000000000     -0.253808218793      0.876974938348
H       0.000000000000      0.907725053153     -0.097667201741

3
H2-O
O       0.000000000000     -0.063582000000     -0.110127254447
H       0.000000000000     -0.402237401549      0.819578383813
H       0.000000000000      0.910894401549      0.061441383813

3
H2-O
O       0.000000000000     -0.043492649506     -0.119495072430
H       0.000000000000     -0.538444804401      0.737279354812
H       0.000000000000      0.886386684488      0.218683104011

3
H2-O
O       0.000000000000     -0.022081796865     -0.125232093104
H       0.000000000000     -0.658291834338      0.632578465696
H       0.000000000000      0.834946556553      0.369280248752

3
H2-O
O       0.000000000000     -0.000000000000     -0.127164000000
H       0.000000000000     -0.758137000000      0.508657000000
H       0.000000000000      0.758137000000      0.508657000000

3
H2-O
O       0.000000000000      0.022081796865     -0.125232093104
H       0.000000000000     -0.834946556553      0.369280248752
H       0.000000000000      0.658291834338      0.632578465696

3
H2-O
O       0.000000000000      0.043492649506     -0.119495072430
H       0.000000000000     -0.886386684488      0.218683104011
H       0.000000000000      0.538444804401      0.737279354812

3
H2-O
O       0.000000000000      0.063582000000     -0.110127254447
H       0.000000000000     -0.910894401549      0.061441383813
H       0.000000000000      0.402237401549      0.819578383813

3
H2-O
O       0.000000000000      0.081739443598     -0.097413275565
H       0.000000000000     -0.907725053153     -0.097667201741
H       0.000000000000      0.253808218793      0.876974938348

3
H2-O
O       0.000000000000      0.097413275565     -0.081739443598
H       0.000000000000     -0.876974938348     -0.253808218793
H       0.000000000000      0.097667201741      0.907725053153

3
H2-O
O       0.000000000000      0.110127254447     -0.063582000000
H       0.000000000000     -0.819578383813     -0.402237401549
H       0.000000000000     -0.061441383813      0.910894401549

3
H2-O
O       0.000000000000      0.119495072430     -0.043492649506
H       0.000000000000     -0.737279354812     -0.538444804401
H       0.000000000000     -0.218683104011      0.886386684488

3
H2-O
O       0.000000000000      0.125232093104     -0.022081796865
H       0.000000000000     -0.632578465696     -0.658291834338
H       0.000000000000     -0.369280248752      0.834946556553

3
H2-O
O       0.000000000000      0.127164000000     -0.000000000000
H       0.000000000000     -0.508657000000     -0.758137000000
H       0.000000000000     -0.508657000000      0.758137000000

3
H2-O
O       0.000000000000      0.125232093104      0.022081796865
H       0.000000000000     -0.369280248752     -0.834946556553
H       0.000000000000     -0.632578465696      0.658291834338

3
H2-O
O       0.000000000000      0.119495072430      0.043492649506
H       0.000000000000     -0.218683104011     -0.886386684488
H       0.000000000000     -0.737279354812      0.538444804401

3
H2-O
O       0.000000000000      0.110127254447      0.063582000000
H       0.000000000000     -0.061441383813     -0.910894401549
H       0.000000000000     -0.819578383813      0.402237401549

3
H2-O
O       0.000000000000      0.097413275565      0.081739443598
H       0.000000000000      0.097667201741     -0.907725053153
H       0.000000000000     -0.876974938348      0.253808218793

3
H2-O
O       0.000000000000      0.081739443598      0.097413275565
H       0.000000000000      0.253808218793     -0.876974938348
H       0.000000000000     -0.907725053153      0.097667201741

3
H2-O
O       0.000000000000      0.063582000000      0.110127254447
H       0.000000000000      0.402237401549     -0.819578383813
H       0.000000000000     -0.910894401549     -0.061441383813

3
H2-O
O       0.000000000000      0.043492649506      0.119495072430
H       0.000000000000      0.538444804401     -0.737279354812
H       0.000000000000     -0.886386684488     -0.218683104011

3
H2-O
O       0.000000000000      0.022081796865      0.125232093104
H       0.000000000000      0.658291834338     -0.632578465696
H       0.000000000000     -0.834946556553     -0.36928024875

